512
0.045804 -0.216487 5.000000 0.000000 0.938568 -0.216486 5.000000 0.000000
0.044577 -0.213798 5.000000 0.000000 0.939795 -0.213798 5.000000 0.000000
0.043343 -0.211094 5.000000 0.000000 0.941029 -0.211094 5.000000 0.000000
0.042102 -0.208375 5.000000 0.000000 0.942270 -0.208375 5.000000 0.000000
0.040854 -0.205642 5.000000 0.000000 0.943518 -0.205642 5.000000 0.000000
0.039599 -0.202893 5.000000 0.000000 0.944773 -0.202893 5.000000 0.000000
0.038338 -0.200129 5.000000 0.000000 0.946035 -0.200129 5.000000 0.000000
0.037069 -0.197349 5.000000 0.000000 0.947303 -0.197349 5.000000 0.000000
0.035793 -0.194554 5.000000 0.000000 0.948579 -0.194554 5.000000 0.000000
0.034510 -0.191743 5.000000 0.000000 0.949862 -0.191743 5.000000 0.000000
0.033219 -0.188916 5.000000 0.000000 0.951153 -0.188916 5.000000 0.000000
0.031922 -0.186073 5.000000 0.000000 0.952450 -0.186073 5.000000 0.000000
0.030617 -0.183214 5.000000 0.000000 0.953755 -0.183214 5.000000 0.000000
0.029304 -0.180339 5.000000 0.000000 0.955068 -0.180339 5.000000 0.000000
0.027985 -0.177447 5.000000 0.000000 0.956388 -0.177447 5.000000 0.000000
0.026657 -0.174539 5.000000 0.000000 0.957715 -0.174539 5.000000 0.000000
0.025322 -0.171614 5.000000 0.000000 0.959050 -0.171614 5.000000 0.000000
0.023979 -0.168673 5.000000 0.000000 0.960393 -0.168673 5.000000 0.000000
0.022629 -0.165714 5.000000 0.000000 0.961743 -0.165714 5.000000 0.000000
0.021271 -0.162738 5.000000 0.000000 0.963101 -0.162738 5.000000 0.000000
0.019904 -0.159746 5.000000 0.000000 0.964468 -0.159745 5.000000 0.000000
0.018530 -0.156735 5.000000 0.000000 0.965842 -0.156735 5.000000 0.000000
0.017148 -0.153707 5.000000 0.000000 0.967224 -0.153707 5.000000 0.000000
0.015758 -0.150661 5.000000 0.000000 0.968614 -0.150661 5.000000 0.000000
0.014360 -0.147598 5.000000 0.000000 0.970012 -0.147598 5.000000 0.000000
0.012953 -0.144516 5.000000 0.000000 0.971419 -0.144516 5.000000 0.000000
0.011538 -0.141416 5.000000 0.000000 0.972834 -0.141416 5.000000 0.000000
0.010115 -0.138298 5.000000 0.000000 0.974257 -0.138298 5.000000 0.000000
0.008683 -0.135162 5.000000 0.000000 0.975689 -0.135162 5.000000 0.000000
0.007243 -0.132006 5.000000 0.000000 0.977129 -0.132006 5.000000 0.000000
0.005794 -0.128832 5.000000 0.000000 0.978578 -0.128832 5.000000 0.000000
0.004336 -0.125639 5.000000 0.000000 0.980036 -0.125639 5.000000 0.000000
0.002870 -0.122426 5.000000 0.000000 0.981502 -0.122426 5.000000 0.000000
0.001395 -0.119195 5.000000 0.000000 0.982977 -0.119195 5.000000 0.000000
-0.000090 -0.115943 5.000000 0.000000 0.984461 -0.115943 5.000000 0.000000
-0.001583 -0.112672 5.000000 0.000000 0.985954 -0.112672 5.000000 0.000000
-0.003085 -0.109381 5.000000 0.000000 0.987456 -0.109381 5.000000 0.000000
-0.004596 -0.106070 5.000000 0.000000 0.988968 -0.106070 5.000000 0.000000
-0.006117 -0.102739 5.000000 0.000000 0.990488 -0.102739 5.000000 0.000000
-0.007647 -0.099387 5.000000 0.000000 0.992018 -0.099387 5.000000 0.000000
-0.009186 -0.096014 5.000000 0.000000 0.993558 -0.096014 5.000000 0.000000
-0.010735 -0.092621 5.000000 0.000000 0.995107 -0.092621 5.000000 0.000000
-0.012293 -0.089207 5.000000 0.000000 0.996665 -0.089207 5.000000 0.000000
-0.013862 -0.085771 5.000000 0.000000 0.998233 -0.085771 5.000000 0.000000
-0.015440 -0.082314 5.000000 0.000000 0.999811 -0.082314 5.000000 0.000000
-0.017027 -0.078836 5.000000 0.000000 1.001399 -0.078836 5.000000 0.000000
-0.018625 -0.075335 5.000000 0.000000 1.002997 -0.075335 5.000000 0.000000
-0.020233 -0.071813 5.000000 0.000000 1.004604 -0.071813 5.000000 0.000000
-0.021851 -0.068268 5.000000 0.000000 1.006222 -0.068268 5.000000 0.000000
-0.023479 -0.064701 5.000000 0.000000 1.007851 -0.064701 5.000000 0.000000
-0.025118 -0.061111 5.000000 0.000000 1.009489 -0.061111 5.000000 0.000000
-0.026767 -0.057499 5.000000 0.000000 1.011138 -0.057499 5.000000 0.000000
-0.028427 -0.053863 5.000000 0.000000 1.012798 -0.053863 5.000000 0.000000
-0.030097 -0.050204 5.000000 0.000000 1.014468 -0.050204 5.000000 0.000000
-0.031778 -0.046521 5.000000 0.000000 1.016149 -0.046521 5.000000 0.000000
-0.033470 -0.042814 5.000000 0.000000 1.017841 -0.042814 5.000000 0.000000
-0.035173 -0.039084 5.000000 0.000000 1.019544 -0.039084 5.000000 0.000000
-0.036886 -0.035329 5.000000 0.000000 1.021258 -0.035329 5.000000 0.000000
-0.038612 -0.031550 5.000000 0.000000 1.022983 -0.031550 5.000000 0.000000
-0.040348 -0.027746 5.000000 0.000000 1.024719 -0.027746 5.000000 0.000000
-0.042096 -0.023917 5.000000 0.000000 1.026467 -0.023917 5.000000 0.000000
-0.043855 -0.020063 5.000000 0.000000 1.028226 -0.020063 5.000000 0.000000
-0.045626 -0.016183 5.000000 0.000000 1.029997 -0.016183 5.000000 0.000000
-0.047408 -0.012278 5.000000 0.000000 1.031779 -0.012278 5.000000 0.000000
-0.049203 -0.008347 5.000000 0.000000 1.033574 -0.008347 5.000000 0.000000
-0.051009 -0.004389 5.000000 0.000000 1.035380 -0.004389 5.000000 0.000000
-0.052828 -0.000405 5.000000 0.000000 1.037199 -0.000405 5.000000 0.000000
-0.054658 0.003606 5.000000 0.000000 1.039029 0.003606 5.000000 0.000000
-0.056501 0.007643 5.000000 0.000000 1.040872 0.007643 5.000000 0.000000
-0.058357 0.011708 5.000000 0.000000 1.042728 0.011709 5.000000 0.000000
-0.060225 0.015801 5.000000 0.000000 1.044596 0.015801 5.000000 0.000000
-0.062106 0.019922 5.000000 0.000000 1.046477 0.019922 5.000000 0.000000
-0.064000 0.024071 5.000000 0.000000 1.048371 0.024071 5.000000 0.000000
-0.065906 0.028248 5.000000 0.000000 1.050277 0.028248 5.000000 0.000000
-0.067826 0.032454 5.000000 0.000000 1.052197 0.032454 5.000000 0.000000
-0.069759 0.036689 5.000000 0.000000 1.054130 0.036689 5.000000 0.000000
-0.071706 0.040953 5.000000 0.000000 1.056077 0.040953 5.000000 0.000000
-0.073666 0.045247 5.000000 0.000000 1.058037 0.045247 5.000000 0.000000
-0.075639 0.049571 5.000000 0.000000 1.060010 0.049571 5.000000 0.000000
-0.077627 0.053925 5.000000 0.000000 1.061998 0.053925 5.000000 0.000000
-0.079628 0.058310 5.000000 0.000000 1.063999 0.058310 5.000000 0.000000
-0.081644 0.062725 5.000000 0.000000 1.066015 0.062726 5.000000 0.000000
-0.083673 0.067172 5.000000 0.000000 1.068045 0.067172 5.000000 0.000000
-0.085718 0.071651 5.000000 0.000000 1.070089 0.071651 5.000000 0.000000
-0.087776 0.076161 5.000000 0.000000 1.072148 0.076161 5.000000 0.000000
-0.089850 0.080704 5.000000 0.000000 1.074221 0.080704 5.000000 0.000000
-0.091938 0.085279 5.000000 0.000000 1.076309 0.085279 5.000000 0.000000
-0.094042 0.089887 5.000000 0.000000 1.078413 0.089887 5.000000 0.000000
-0.096160 0.094529 5.000000 0.000000 1.080531 0.094529 5.000000 0.000000
-0.098294 0.099204 5.000000 0.000000 1.082665 0.099204 5.000000 0.000000
-0.100444 0.103913 5.000000 0.000000 1.084815 0.103913 5.000000 0.000000
-0.102609 0.108657 5.000000 0.000000 1.086980 0.108657 5.000000 0.000000
-0.104790 0.113435 5.000000 0.000000 1.089161 0.113435 5.000000 0.000000
-0.106987 0.118249 5.000000 0.000000 1.091359 0.118249 5.000000 0.000000
-0.109201 0.123098 5.000000 0.000000 1.093572 0.123098 5.000000 0.000000
-0.111430 0.127983 5.000000 0.000000 1.095802 0.127983 5.000000 0.000000
-0.113677 0.132905 5.000000 0.000000 1.098048 0.132905 5.000000 0.000000
-0.115940 0.137863 5.000000 0.000000 1.100311 0.137863 5.000000 0.000000
-0.118220 0.142858 5.000000 0.000000 1.102592 0.142858 5.000000 0.000000
-0.120517 0.147891 5.000000 0.000000 1.104889 0.147891 5.000000 0.000000
-0.122832 0.152962 5.000000 0.000000 1.107203 0.152963 5.000000 0.000000
-0.125164 0.158072 5.000000 0.000000 1.109536 0.158072 5.000000 0.000000
-0.127514 0.163220 5.000000 0.000000 1.111886 0.163221 5.000000 0.000000
-0.129882 0.168408 5.000000 0.000000 1.114254 0.168408 5.000000 0.000000
-0.132268 0.173636 5.000000 0.000000 1.116640 0.173636 5.000000 0.000000
-0.134673 0.178903 5.000000 0.000000 1.119044 0.178904 5.000000 0.000000
-0.137096 0.184212 5.000000 0.000000 1.121468 0.184212 5.000000 0.000000
-0.139538 0.189562 5.000000 0.000000 1.123909 0.189562 5.000000 0.000000
-0.141999 0.194953 5.000000 0.000000 1.126370 0.194953 5.000000 0.000000
-0.144479 0.200387 5.000000 0.000000 1.128850 0.200387 5.000000 0.000000
-0.146979 0.205863 5.000000 0.000000 1.131350 0.205863 5.000000 0.000000
-0.149498 0.211383 5.000000 0.000000 1.133869 0.211383 5.000000 0.000000
-0.152037 0.216946 5.000000 0.000000 1.136409 0.216946 5.000000 0.000000
-0.154597 0.222553 5.000000 0.000000 1.138968 0.222553 5.000000 0.000000
-0.157177 0.228205 5.000000 0.000000 1.141548 0.228205 5.000000 0.000000
-0.159777 0.233902 5.000000 0.000000 1.144149 0.233902 5.000000 0.000000
-0.162399 0.239646 5.000000 0.000000 1.146770 0.239646 5.000000 0.000000
-0.165041 0.245435 5.000000 0.000000 1.149413 0.245435 5.000000 0.000000
-0.167705 0.251271 5.000000 0.000000 1.152077 0.251272 5.000000 0.000000
-0.170391 0.257155 5.000000 0.000000 1.154763 0.257156 5.000000 0.000000
-0.173099 0.263087 5.000000 0.000000 1.157470 0.263087 5.000000 0.000000
-0.175829 0.269068 5.000000 0.000000 1.160200 0.269068 5.000000 0.000000
-0.178581 0.275098 5.000000 0.000000 1.162953 0.275098 5.000000 0.000000
-0.181356 0.281178 5.000000 0.000000 1.165728 0.281178 5.000000 0.000000
-0.184154 0.287309 5.000000 0.000000 1.168526 0.287309 5.000000 0.000000
-0.186976 0.293490 5.000000 0.000000 1.171348 0.293490 5.000000 0.000000
-0.189821 0.299724 5.000000 0.000000 1.174193 0.299724 5.000000 0.000000
-0.192690 0.306009 5.000000 0.000000 1.177062 0.306009 5.000000 0.000000
-0.195584 0.312348 5.000000 0.000000 1.179955 0.312348 5.000000 0.000000
-0.198502 0.318741 5.000000 0.000000 1.182873 0.318741 5.000000 0.000000
-0.201444 0.325188 5.000000 0.000000 1.185816 0.325188 5.000000 0.000000
-0.204412 0.331691 5.000000 0.000000 1.188784 0.331691 5.000000 0.000000
-0.207406 0.338249 5.000000 0.000000 1.191778 0.338249 5.000000 0.000000
-0.210425 0.344864 5.000000 0.000000 1.194797 0.344864 5.000000 0.000000
-0.213471 0.351536 5.000000 0.000000 1.197843 0.351536 5.000000 0.000000
-0.216543 0.358266 5.000000 0.000000 1.200915 0.358266 5.000000 0.000000
-0.219642 0.365055 5.000000 0.000000 1.204014 0.365056 5.000000 0.000000
-0.222768 0.371904 5.000000 0.000000 1.207140 0.371904 5.000000 0.000000
-0.225922 0.378813 5.000000 0.000000 1.210294 0.378814 5.000000 0.000000
-0.229103 0.385784 5.000000 0.000000 1.213475 0.385784 5.000000 0.000000
-0.232313 0.392816 5.000000 0.000000 1.216685 0.392817 5.000000 0.000000
-0.235552 0.399912 5.000000 0.000000 1.219924 0.399912 5.000000 0.000000
-0.238820 0.407071 5.000000 0.000000 1.223192 0.407071 5.000000 0.000000
-0.242117 0.414295 5.000000 0.000000 1.226489 0.414295 5.000000 0.000000
-0.245444 0.421584 5.000000 0.000000 1.229816 0.421584 5.000000 0.000000
-0.248801 0.428939 5.000000 0.000000 1.233174 0.428939 5.000000 0.000000
-0.252190 0.436362 5.000000 0.000000 1.236562 0.436362 5.000000 0.000000
-0.255609 0.443853 5.000000 0.000000 1.239981 0.443853 5.000000 0.000000
-0.259060 0.451413 5.000000 0.000000 1.243432 0.451413 5.000000 0.000000
-0.262542 0.459043 5.000000 0.000000 1.246915 0.459043 5.000000 0.000000
-0.266058 0.466745 5.000000 0.000000 1.250430 0.466745 5.000000 0.000000
-0.269606 0.474518 5.000000 0.000000 1.253978 0.474518 5.000000 0.000000
-0.273187 0.482364 5.000000 0.000000 1.257560 0.482364 5.000000 0.000000
-0.276803 0.490285 5.000000 0.000000 1.261175 0.490285 5.000000 0.000000
-0.280452 0.498281 5.000000 0.000000 1.264825 0.498281 5.000000 0.000000
-0.284137 0.506353 5.000000 0.000000 1.268509 0.506353 5.000000 0.000000
-0.287856 0.514502 5.000000 0.000000 1.272229 0.514502 5.000000 0.000000
-0.291612 0.522729 5.000000 0.000000 1.275984 0.522729 5.000000 0.000000
-0.295404 0.531037 5.000000 0.000000 1.279776 0.531037 5.000000 0.000000
-0.299232 0.539425 5.000000 0.000000 1.283605 0.539425 5.000000 0.000000
-0.303098 0.547895 5.000000 0.000000 1.287471 0.547895 5.000000 0.000000
-0.307002 0.556448 5.000000 0.000000 1.291375 0.556448 5.000000 0.000000
-0.310945 0.565085 5.000000 0.000000 1.295318 0.565085 5.000000 0.000000
-0.314926 0.573808 5.000000 0.000000 1.299300 0.573808 5.000000 0.000000
-0.318948 0.582618 5.000000 0.000000 1.303321 0.582618 5.000000 0.000000
-0.323009 0.591517 5.000000 0.000000 1.307383 0.591517 5.000000 0.000000
-0.327112 0.600504 5.000000 0.000000 1.311485 0.600504 5.000000 0.000000
-0.331256 0.609583 5.000000 0.000000 1.315629 0.609583 5.000000 0.000000
-0.335442 0.618754 5.000000 0.000000 1.319815 0.618754 5.000000 0.000000
-0.339670 0.628019 5.000000 0.000000 1.324044 0.628019 5.000000 0.000000
-0.343943 0.637379 5.000000 0.000000 1.328317 0.637379 5.000000 0.000000
-0.348259 0.646836 5.000000 0.000000 1.332633 0.646836 5.000000 0.000000
-0.352620 0.656390 5.000000 0.000000 1.336995 0.656390 5.000000 0.000000
-0.357027 0.666045 5.000000 0.000000 1.341401 0.666045 5.000000 0.000000
-0.361480 0.675800 5.000000 0.000000 1.345854 0.675800 5.000000 0.000000
-0.365980 0.685659 5.000000 0.000000 1.350354 0.685659 5.000000 0.000000
-0.370527 0.695622 5.000000 0.000000 1.354902 0.695622 5.000000 0.000000
-0.375123 0.705691 5.000000 0.000000 1.359498 0.705691 5.000000 0.000000
-0.379768 0.715868 5.000000 0.000000 1.364143 0.715868 5.000000 0.000000
-0.384464 0.726155 5.000000 0.000000 1.368839 0.726155 5.000000 0.000000
-0.389210 0.736553 5.000000 0.000000 1.373585 0.736553 5.000000 0.000000
-0.394007 0.747064 5.000000 0.000000 1.378383 0.747064 5.000000 0.000000
-0.398858 0.757690 5.000000 0.000000 1.383233 0.757690 5.000000 0.000000
-0.403761 0.768433 5.000000 0.000000 1.388137 0.768433 5.000000 0.000000
-0.408719 0.779296 5.000000 0.000000 1.393095 0.779296 5.000000 0.000000
-0.413732 0.790279 5.000000 0.000000 1.398109 0.790279 5.000000 0.000000
-0.418802 0.801385 5.000000 0.000000 1.403178 0.801385 5.000000 0.000000
-0.423928 0.812616 5.000000 0.000000 1.408304 0.812616 5.000000 0.000000
-0.429112 0.823974 5.000000 0.000000 1.413489 0.823974 5.000000 0.000000
-0.434355 0.835461 5.000000 0.000000 1.418732 0.835461 5.000000 0.000000
-0.439659 0.847080 5.000000 0.000000 1.424036 0.847080 5.000000 0.000000
-0.445023 0.858832 5.000000 0.000000 1.429400 0.858832 5.000000 0.000000
-0.450450 0.870721 5.000000 0.000000 1.434827 0.870721 5.000000 0.000000
-0.455939 0.882748 5.000000 0.000000 1.440317 0.882748 5.000000 0.000000
-0.461493 0.894916 5.000000 0.000000 1.445871 0.894916 5.000000 0.000000
-0.467113 0.907228 5.000000 0.000000 1.451491 0.907228 5.000000 0.000000
-0.472799 0.919685 5.000000 0.000000 1.457177 0.919685 5.000000 0.000000
-0.478553 0.932291 5.000000 0.000000 1.462931 0.932292 5.000000 0.000000
-0.484376 0.945049 5.000000 0.000000 1.468754 0.945049 5.000000 0.000000
-0.490269 0.957960 5.000000 0.000000 1.474647 0.957960 5.000000 0.000000
-0.496234 0.971028 5.000000 0.000000 1.480612 0.971028 5.000000 0.000000
-0.502271 0.984256 5.000000 0.000000 1.486650 0.984256 5.000000 0.000000
-0.508383 0.997646 5.000000 0.000000 1.492762 0.997646 5.000000 0.000000
-0.514571 1.011202 5.000000 0.000000 1.498950 1.011202 5.000000 0.000000
-0.520835 1.024926 5.000000 0.000000 1.505214 1.024926 5.000000 0.000000
-0.527178 1.038823 5.000000 0.000000 1.511558 1.038823 5.000000 0.000000
-0.533601 1.052894 5.000000 0.000000 1.517981 1.052894 5.000000 0.000000
-0.540106 1.067144 5.000000 0.000000 1.524485 1.067144 5.000000 0.000000
-0.546693 1.081576 5.000000 0.000000 1.531073 1.081576 5.000000 0.000000
-0.553365 1.096194 5.000000 0.000000 1.537745 1.096194 5.000000 0.000000
-0.560124 1.111000 5.000000 0.000000 1.544503 1.111000 5.000000 0.000000
-0.566970 1.125999 5.000000 0.000000 1.551350 1.125999 5.000000 0.000000
-0.573906 1.141194 5.000000 0.000000 1.558285 1.141194 5.000000 0.000000
-0.580934 1.156590 5.000000 0.000000 1.565313 1.156590 5.000000 0.000000
-0.588055 1.172190 5.000000 0.000000 1.572434 1.172190 5.000000 0.000000
-0.595271 1.187998 5.000000 0.000000 1.579650 1.187999 5.000000 0.000000
-0.602583 1.204019 5.000000 0.000000 1.586962 1.204019 5.000000 0.000000
-0.609995 1.220257 5.000000 0.000000 1.594374 1.220257 5.000000 0.000000
-0.617508 1.236716 5.000000 0.000000 1.601887 1.236716 5.000000 0.000000
-0.625124 1.253402 5.000000 0.000000 1.609503 1.253402 5.000000 0.000000
-0.632846 1.270317 5.000000 0.000000 1.617225 1.270318 5.000000 0.000000
-0.640675 1.287468 5.000000 0.000000 1.625053 1.287469 5.000000 0.000000
-0.648613 1.304860 5.000000 0.000000 1.632992 1.304860 5.000000 0.000000
-0.656664 1.322497 5.000000 0.000000 1.641042 1.322497 5.000000 0.000000
-0.664829 1.340385 5.000000 0.000000 1.649207 1.340385 5.000000 0.000000
-0.673111 1.358529 5.000000 0.000000 1.657489 1.358529 5.000000 0.000000
-0.681512 1.376934 5.000000 0.000000 1.665890 1.376934 5.000000 0.000000
-0.690036 1.395607 5.000000 0.000000 1.674414 1.395607 5.000000 0.000000
-0.698684 1.414553 5.000000 0.000000 1.683062 1.414553 5.000000 0.000000
-0.707459 1.433779 5.000000 0.000000 1.691837 1.433779 5.000000 0.000000
-0.716365 1.453289 5.000000 0.000000 1.700743 1.453289 5.000000 0.000000
-0.725404 1.473091 5.000000 0.000000 1.709782 1.473091 5.000000 0.000000
-0.734579 1.493192 5.000000 0.000000 1.718957 1.493193 5.000000 0.000000
-0.743894 1.513599 5.000000 0.000000 1.728271 1.513599 5.000000 0.000000
-0.753351 1.534317 5.000000 0.000000 1.737728 1.534317 5.000000 0.000000
-0.762954 1.555355 5.000000 0.000000 1.747331 1.555355 5.000000 0.000000
-0.772706 1.576720 5.000000 0.000000 1.757083 1.576720 5.000000 0.000000
-0.782611 1.598419 5.000000 0.000000 1.766988 1.598419 5.000000 0.000000
-0.792672 1.620461 5.000000 0.000000 1.777049 1.620461 5.000000 0.000000
-0.802893 1.642853 5.000000 0.000000 1.787270 1.642853 5.000000 0.000000
-0.813278 1.665605 5.000000 0.000000 1.797656 1.665606 5.000000 0.000000
-0.823831 1.688725 5.000000 0.000000 1.808209 1.688725 5.000000 0.000000
-0.834557 1.712221 5.000000 0.000000 1.818934 1.712221 5.000000 0.000000
-0.845458 1.736103 5.000000 0.000000 1.829835 1.736104 5.000000 0.000000
-0.856540 1.760382 5.000000 0.000000 1.840917 1.760382 5.000000 0.000000
-0.867807 1.785065 5.000000 0.000000 1.852184 1.785066 5.000000 0.000000
-0.879264 1.810165 5.000000 0.000000 1.863641 1.810166 5.000000 0.000000
-0.890916 1.835692 5.000000 0.000000 1.875292 1.835692 5.000000 0.000000
-0.902767 1.861655 5.000000 0.000000 1.887144 1.861655 5.000000 0.000000
-0.914823 1.888067 5.000000 0.000000 1.899200 1.888068 5.000000 0.000000
-0.927090 1.914941 5.000000 0.000000 1.911466 1.914941 5.000000 0.000000
-0.939572 1.942286 5.000000 0.000000 1.923948 1.942286 5.000000 0.000000
-0.952276 1.970117 5.000000 0.000000 1.936652 1.970117 5.000000 0.000000
-0.965207 1.998446 5.000000 0.000000 1.949583 1.998447 5.000000 0.000000
-0.978371 2.027287 5.000000 0.000000 1.962748 2.027288 5.000000 0.000000
-0.991776 2.056654 5.000000 0.000000 1.976153 2.056654 5.000000 0.000000
-1.005427 2.086561 5.000000 0.000000 1.989804 2.086561 5.000000 0.000000
-1.019332 2.117025 5.000000 0.000000 2.003709 2.117025 5.000000 0.000000
-1.033498 2.148059 5.000000 0.000000 2.017875 2.148059 5.000000 0.000000
-1.047933 2.179680 5.000000 0.000000 2.032309 2.179680 5.000000 0.000000
-1.062642 2.211905 5.000000 0.000000 2.047018 2.211906 5.000000 0.000000
-1.077636 2.244752 5.000000 0.000000 2.062011 2.244752 5.000000 0.000000
-1.092921 2.278239 5.000000 0.000000 2.077296 2.278239 5.000000 0.000000
-1.108507 2.312383 5.000000 0.000000 2.092882 2.312384 5.000000 0.000000
-1.124402 2.347207 5.000000 0.000000 2.108777 2.347207 5.000000 0.000000
-1.140617 2.382728 5.000000 0.000000 2.124990 2.382728 5.000000 0.000000
-1.157160 2.418969 5.000000 0.000000 2.141533 2.418969 5.000000 0.000000
-1.174041 2.455952 5.000000 0.000000 2.158414 2.455953 5.000000 0.000000
-1.191272 2.493701 5.000000 0.000000 2.175645 2.493701 5.000000 0.000000
-1.208863 2.532237 5.000000 0.000000 2.193235 2.532238 5.000000 0.000000
-1.226825 2.571589 5.000000 0.000000 2.211197 2.571589 5.000000 0.000000
-1.245170 2.611779 5.000000 0.000000 2.229542 2.611779 5.000000 0.000000
-1.263912 2.652837 5.000000 0.000000 2.248283 2.652837 5.000000 0.000000
-1.283062 2.694790 5.000000 0.000000 2.267433 2.694790 5.000000 0.000000
-1.302634 2.737668 5.000000 0.000000 2.287005 2.737669 5.000000 0.000000
-1.322643 2.781502 5.000000 0.000000 2.307013 2.781503 5.000000 0.000000
-1.343103 2.826325 5.000000 0.000000 2.327473 2.826325 5.000000 0.000000
-1.364029 2.872170 5.000000 0.000000 2.348399 2.872170 5.000000 0.000000
-1.385438 2.919072 5.000000 0.000000 2.369807 2.919072 5.000000 0.000000
-1.407347 2.967068 5.000000 0.000000 2.391716 2.967069 5.000000 0.000000
-1.429773 3.016199 5.000000 0.000000 2.414141 3.016199 5.000000 0.000000
-1.452735 3.066503 5.000000 0.000000 2.437103 3.066504 5.000000 0.000000
-1.476253 3.118023 5.000000 0.000000 2.460619 3.118024 5.000000 0.000000
-1.500346 3.170805 5.000000 0.000000 2.484712 3.170805 5.000000 0.000000
-1.525035 3.224894 5.000000 0.000000 2.509401 3.224895 5.000000 0.000000
-1.550343 3.280341 5.000000 0.000000 2.534710 3.280342 5.000000 0.000000
-1.576294 3.337197 5.000000 0.000000 2.560663 3.337198 5.000000 0.000000
-1.602914 3.395517 5.000000 0.000000 2.587283 3.395517 5.000000 0.000000
-1.630228 3.455357 5.000000 0.000000 2.614597 3.455357 5.000000 0.000000
-1.658263 3.516778 5.000000 0.000000 2.642633 3.516778 5.000000 0.000000
-1.687049 3.579843 5.000000 0.000000 2.671419 3.579843 5.000000 0.000000
-1.716617 3.644621 5.000000 0.000001 2.700987 3.644621 5.000000 0.000001
-1.746999 3.711182 5.000000 0.000001 2.731369 3.711182 5.000000 0.000001
-1.778228 3.779599 5.000000 0.000001 2.762599 3.779599 5.000000 0.000001
-1.810341 3.849953 5.000000 0.000001 2.794712 3.849953 5.000000 0.000001
-1.843375 3.922324 5.000000 0.000001 2.827747 3.922324 5.000000 0.000001
-1.877371 3.996803 5.000000 0.000001 2.861743 3.996803 5.000000 0.000001
-1.912370 4.073482 5.000000 0.000001 2.896743 4.073482 5.000000 0.000001
-1.948420 4.152460 5.000000 0.000001 2.932793 4.152460 5.000000 0.000001
-1.985567 4.233842 5.000000 0.000001 2.969941 4.233842 5.000000 0.000001
-2.023862 4.317740 5.000000 0.000001 3.008236 4.317740 5.000000 0.000001
-2.063359 4.404273 5.000000 0.000001 3.047734 4.404273 5.000000 0.000001
-2.104117 4.493564 5.000000 0.000001 3.088492 4.493564 5.000000 0.000001
-2.146195 4.585751 5.000000 0.000001 3.130571 4.585751 5.000000 0.000001
-2.189660 4.680974 5.000000 0.000001 3.174036 4.680974 5.000000 0.000001
-2.234581 0.243200 3.475801 0.054809 3.218958 4.779388 5.000000 0.054809
-2.281032 0.278034 3.475800 0.226084 3.265410 4.881156 5.000000 0.226084
-2.329094 0.314076 3.475801 0.397358 3.313473 4.986451 5.000000 0.397358
-2.378850 0.351390 3.475800 0.575483 3.363230 5.095459 5.000000 0.575483
-0.393991 0.390043 3.475800 0.746756 0.035638 0.396894 3.475800 0.746756
-0.394187 0.430110 3.475801 0.918030 0.142827 0.436961 3.475801 0.918030
-0.394390 0.471670 3.475800 1.089305 0.254010 0.478521 3.475800 1.089305
-0.394601 0.514808 3.475801 1.267430 0.373551 0.521659 3.475801 1.267430
-0.394820 0.559615 3.475800 1.438705 0.493499 0.566465 3.475800 1.438705
-0.395048 0.606189 3.475801 1.609979 0.618180 0.613040 3.475801 1.609979
-0.395285 0.654638 3.475800 1.788104 0.752267 0.661489 3.475800 1.788104
-0.395531 0.705077 3.475801 1.959378 0.887385 0.711928 3.475801 1.959378
-0.395788 0.757632 3.475801 2.130653 1.028169 0.764483 3.475801 2.130653
340282346638528859811704183484516925440.000000 340282346638528859811704183484516925440.000000 340282346638528859811704183484516925440.000000 0.000000 -340282346638528859811704183484516925440.000000 -340282346638528859811704183484516925440.000000 -340282346638528859811704183484516925440.000000 0.000000
340282346638528859811704183484516925440.000000 340282346638528859811704183484516925440.000000 340282346638528859811704183484516925440.000000 0.000000 -340282346638528859811704183484516925440.000000 -340282346638528859811704183484516925440.000000 -340282346638528859811704183484516925440.000000 0.000000
340282346638528859811704183484516925440.000000 340282346638528859811704183484516925440.000000 340282346638528859811704183484516925440.000000 0.000000 -340282346638528859811704183484516925440.000000 -340282346638528859811704183484516925440.000000 -340282346638528859811704183484516925440.000000 0.000000
340282346638528859811704183484516925440.000000 340282346638528859811704183484516925440.000000 340282346638528859811704183484516925440.000000 0.000000 -340282346638528859811704183484516925440.000000 -340282346638528859811704183484516925440.000000 -340282346638528859811704183484516925440.000000 0.000000
340282346638528859811704183484516925440.000000 340282346638528859811704183484516925440.000000 340282346638528859811704183484516925440.000000 0.000000 -340282346638528859811704183484516925440.000000 -340282346638528859811704183484516925440.000000 -340282346638528859811704183484516925440.000000 0.000000
340282346638528859811704183484516925440.000000 340282346638528859811704183484516925440.000000 340282346638528859811704183484516925440.000000 0.000000 -340282346638528859811704183484516925440.000000 -340282346638528859811704183484516925440.000000 -340282346638528859811704183484516925440.000000 0.000000
340282346638528859811704183484516925440.000000 340282346638528859811704183484516925440.000000 340282346638528859811704183484516925440.000000 0.000000 -340282346638528859811704183484516925440.000000 -340282346638528859811704183484516925440.000000 -340282346638528859811704183484516925440.000000 0.000000
340282346638528859811704183484516925440.000000 340282346638528859811704183484516925440.000000 340282346638528859811704183484516925440.000000 0.000000 -340282346638528859811704183484516925440.000000 -340282346638528859811704183484516925440.000000 -340282346638528859811704183484516925440.000000 0.000000
340282346638528859811704183484516925440.000000 340282346638528859811704183484516925440.000000 340282346638528859811704183484516925440.000000 0.000000 -340282346638528859811704183484516925440.000000 -340282346638528859811704183484516925440.000000 -340282346638528859811704183484516925440.000000 0.000000
340282346638528859811704183484516925440.000000 340282346638528859811704183484516925440.000000 340282346638528859811704183484516925440.000000 0.000000 -340282346638528859811704183484516925440.000000 -340282346638528859811704183484516925440.000000 -340282346638528859811704183484516925440.000000 0.000000
340282346638528859811704183484516925440.000000 340282346638528859811704183484516925440.000000 340282346638528859811704183484516925440.000000 0.000000 -340282346638528859811704183484516925440.000000 -340282346638528859811704183484516925440.000000 -340282346638528859811704183484516925440.000000 0.000000
340282346638528859811704183484516925440.000000 340282346638528859811704183484516925440.000000 340282346638528859811704183484516925440.000000 0.000000 -340282346638528859811704183484516925440.000000 -340282346638528859811704183484516925440.000000 -340282346638528859811704183484516925440.000000 0.000000
340282346638528859811704183484516925440.000000 340282346638528859811704183484516925440.000000 340282346638528859811704183484516925440.000000 0.000000 -340282346638528859811704183484516925440.000000 -340282346638528859811704183484516925440.000000 -340282346638528859811704183484516925440.000000 0.000000
340282346638528859811704183484516925440.000000 340282346638528859811704183484516925440.000000 340282346638528859811704183484516925440.000000 0.000000 -340282346638528859811704183484516925440.000000 -340282346638528859811704183484516925440.000000 -340282346638528859811704183484516925440.000000 0.000000
340282346638528859811704183484516925440.000000 340282346638528859811704183484516925440.000000 340282346638528859811704183484516925440.000000 0.000000 -340282346638528859811704183484516925440.000000 -340282346638528859811704183484516925440.000000 -340282346638528859811704183484516925440.000000 0.000000
340282346638528859811704183484516925440.000000 340282346638528859811704183484516925440.000000 340282346638528859811704183484516925440.000000 0.000000 -340282346638528859811704183484516925440.000000 -340282346638528859811704183484516925440.000000 -340282346638528859811704183484516925440.000000 0.000000
340282346638528859811704183484516925440.000000 340282346638528859811704183484516925440.000000 340282346638528859811704183484516925440.000000 0.000000 -340282346638528859811704183484516925440.000000 -340282346638528859811704183484516925440.000000 -340282346638528859811704183484516925440.000000 0.000000
340282346638528859811704183484516925440.000000 340282346638528859811704183484516925440.000000 340282346638528859811704183484516925440.000000 0.000000 -340282346638528859811704183484516925440.000000 -340282346638528859811704183484516925440.000000 -340282346638528859811704183484516925440.000000 0.000000
340282346638528859811704183484516925440.000000 340282346638528859811704183484516925440.000000 340282346638528859811704183484516925440.000000 0.000000 -340282346638528859811704183484516925440.000000 -340282346638528859811704183484516925440.000000 -340282346638528859811704183484516925440.000000 0.000000
340282346638528859811704183484516925440.000000 340282346638528859811704183484516925440.000000 340282346638528859811704183484516925440.000000 0.000000 -340282346638528859811704183484516925440.000000 -340282346638528859811704183484516925440.000000 -340282346638528859811704183484516925440.000000 0.000000
340282346638528859811704183484516925440.000000 340282346638528859811704183484516925440.000000 340282346638528859811704183484516925440.000000 0.000000 -340282346638528859811704183484516925440.000000 -340282346638528859811704183484516925440.000000 -340282346638528859811704183484516925440.000000 0.000000
340282346638528859811704183484516925440.000000 340282346638528859811704183484516925440.000000 340282346638528859811704183484516925440.000000 0.000000 -340282346638528859811704183484516925440.000000 -340282346638528859811704183484516925440.000000 -340282346638528859811704183484516925440.000000 0.000000
340282346638528859811704183484516925440.000000 340282346638528859811704183484516925440.000000 340282346638528859811704183484516925440.000000 0.000000 -340282346638528859811704183484516925440.000000 -340282346638528859811704183484516925440.000000 -340282346638528859811704183484516925440.000000 0.000000
340282346638528859811704183484516925440.000000 340282346638528859811704183484516925440.000000 340282346638528859811704183484516925440.000000 0.000000 -340282346638528859811704183484516925440.000000 -340282346638528859811704183484516925440.000000 -340282346638528859811704183484516925440.000000 0.000000
340282346638528859811704183484516925440.000000 340282346638528859811704183484516925440.000000 340282346638528859811704183484516925440.000000 0.000000 -340282346638528859811704183484516925440.000000 -340282346638528859811704183484516925440.000000 -340282346638528859811704183484516925440.000000 0.000000
340282346638528859811704183484516925440.000000 340282346638528859811704183484516925440.000000 340282346638528859811704183484516925440.000000 0.000000 -340282346638528859811704183484516925440.000000 -340282346638528859811704183484516925440.000000 -340282346638528859811704183484516925440.000000 0.000000
340282346638528859811704183484516925440.000000 340282346638528859811704183484516925440.000000 340282346638528859811704183484516925440.000000 0.000000 -340282346638528859811704183484516925440.000000 -340282346638528859811704183484516925440.000000 -340282346638528859811704183484516925440.000000 0.000000
340282346638528859811704183484516925440.000000 340282346638528859811704183484516925440.000000 340282346638528859811704183484516925440.000000 0.000000 -340282346638528859811704183484516925440.000000 -340282346638528859811704183484516925440.000000 -340282346638528859811704183484516925440.000000 0.000000
340282346638528859811704183484516925440.000000 340282346638528859811704183484516925440.000000 340282346638528859811704183484516925440.000000 0.000000 -340282346638528859811704183484516925440.000000 -340282346638528859811704183484516925440.000000 -340282346638528859811704183484516925440.000000 0.000000
340282346638528859811704183484516925440.000000 340282346638528859811704183484516925440.000000 340282346638528859811704183484516925440.000000 0.000000 -340282346638528859811704183484516925440.000000 -340282346638528859811704183484516925440.000000 -340282346638528859811704183484516925440.000000 0.000000
340282346638528859811704183484516925440.000000 340282346638528859811704183484516925440.000000 340282346638528859811704183484516925440.000000 0.000000 -340282346638528859811704183484516925440.000000 -340282346638528859811704183484516925440.000000 -340282346638528859811704183484516925440.000000 0.000000
340282346638528859811704183484516925440.000000 340282346638528859811704183484516925440.000000 340282346638528859811704183484516925440.000000 0.000000 -340282346638528859811704183484516925440.000000 -340282346638528859811704183484516925440.000000 -340282346638528859811704183484516925440.000000 0.000000
340282346638528859811704183484516925440.000000 340282346638528859811704183484516925440.000000 340282346638528859811704183484516925440.000000 0.000000 -340282346638528859811704183484516925440.000000 -340282346638528859811704183484516925440.000000 -340282346638528859811704183484516925440.000000 0.000000
340282346638528859811704183484516925440.000000 340282346638528859811704183484516925440.000000 340282346638528859811704183484516925440.000000 0.000000 -340282346638528859811704183484516925440.000000 -340282346638528859811704183484516925440.000000 -340282346638528859811704183484516925440.000000 0.000000
340282346638528859811704183484516925440.000000 340282346638528859811704183484516925440.000000 340282346638528859811704183484516925440.000000 0.000000 -340282346638528859811704183484516925440.000000 -340282346638528859811704183484516925440.000000 -340282346638528859811704183484516925440.000000 0.000000
340282346638528859811704183484516925440.000000 340282346638528859811704183484516925440.000000 340282346638528859811704183484516925440.000000 0.000000 -340282346638528859811704183484516925440.000000 -340282346638528859811704183484516925440.000000 -340282346638528859811704183484516925440.000000 0.000000
340282346638528859811704183484516925440.000000 340282346638528859811704183484516925440.000000 340282346638528859811704183484516925440.000000 0.000000 -340282346638528859811704183484516925440.000000 -340282346638528859811704183484516925440.000000 -340282346638528859811704183484516925440.000000 0.000000
340282346638528859811704183484516925440.000000 340282346638528859811704183484516925440.000000 340282346638528859811704183484516925440.000000 0.000000 -340282346638528859811704183484516925440.000000 -340282346638528859811704183484516925440.000000 -340282346638528859811704183484516925440.000000 0.000000
340282346638528859811704183484516925440.000000 340282346638528859811704183484516925440.000000 340282346638528859811704183484516925440.000000 0.000000 -340282346638528859811704183484516925440.000000 -340282346638528859811704183484516925440.000000 -340282346638528859811704183484516925440.000000 0.000000
340282346638528859811704183484516925440.000000 340282346638528859811704183484516925440.000000 340282346638528859811704183484516925440.000000 0.000000 -340282346638528859811704183484516925440.000000 -340282346638528859811704183484516925440.000000 -340282346638528859811704183484516925440.000000 0.000000
340282346638528859811704183484516925440.000000 340282346638528859811704183484516925440.000000 340282346638528859811704183484516925440.000000 0.000000 -340282346638528859811704183484516925440.000000 -340282346638528859811704183484516925440.000000 -340282346638528859811704183484516925440.000000 0.000000
340282346638528859811704183484516925440.000000 340282346638528859811704183484516925440.000000 340282346638528859811704183484516925440.000000 0.000000 -340282346638528859811704183484516925440.000000 -340282346638528859811704183484516925440.000000 -340282346638528859811704183484516925440.000000 0.000000
340282346638528859811704183484516925440.000000 340282346638528859811704183484516925440.000000 340282346638528859811704183484516925440.000000 0.000000 -340282346638528859811704183484516925440.000000 -340282346638528859811704183484516925440.000000 -340282346638528859811704183484516925440.000000 0.000000
340282346638528859811704183484516925440.000000 340282346638528859811704183484516925440.000000 340282346638528859811704183484516925440.000000 0.000000 -340282346638528859811704183484516925440.000000 -340282346638528859811704183484516925440.000000 -340282346638528859811704183484516925440.000000 0.000000
340282346638528859811704183484516925440.000000 340282346638528859811704183484516925440.000000 340282346638528859811704183484516925440.000000 0.000000 -340282346638528859811704183484516925440.000000 -340282346638528859811704183484516925440.000000 -340282346638528859811704183484516925440.000000 0.000000
340282346638528859811704183484516925440.000000 340282346638528859811704183484516925440.000000 340282346638528859811704183484516925440.000000 0.000000 -340282346638528859811704183484516925440.000000 -340282346638528859811704183484516925440.000000 -340282346638528859811704183484516925440.000000 0.000000
340282346638528859811704183484516925440.000000 340282346638528859811704183484516925440.000000 340282346638528859811704183484516925440.000000 0.000000 -340282346638528859811704183484516925440.000000 -340282346638528859811704183484516925440.000000 -340282346638528859811704183484516925440.000000 0.000000
340282346638528859811704183484516925440.000000 340282346638528859811704183484516925440.000000 340282346638528859811704183484516925440.000000 0.000000 -340282346638528859811704183484516925440.000000 -340282346638528859811704183484516925440.000000 -340282346638528859811704183484516925440.000000 0.000000
340282346638528859811704183484516925440.000000 340282346638528859811704183484516925440.000000 340282346638528859811704183484516925440.000000 0.000000 -340282346638528859811704183484516925440.000000 -340282346638528859811704183484516925440.000000 -340282346638528859811704183484516925440.000000 0.000000
340282346638528859811704183484516925440.000000 340282346638528859811704183484516925440.000000 340282346638528859811704183484516925440.000000 0.000000 -340282346638528859811704183484516925440.000000 -340282346638528859811704183484516925440.000000 -340282346638528859811704183484516925440.000000 0.000000
340282346638528859811704183484516925440.000000 340282346638528859811704183484516925440.000000 340282346638528859811704183484516925440.000000 0.000000 -340282346638528859811704183484516925440.000000 -340282346638528859811704183484516925440.000000 -340282346638528859811704183484516925440.000000 0.000000
340282346638528859811704183484516925440.000000 340282346638528859811704183484516925440.000000 340282346638528859811704183484516925440.000000 0.000000 -340282346638528859811704183484516925440.000000 -340282346638528859811704183484516925440.000000 -340282346638528859811704183484516925440.000000 0.000000
340282346638528859811704183484516925440.000000 340282346638528859811704183484516925440.000000 340282346638528859811704183484516925440.000000 0.000000 -340282346638528859811704183484516925440.000000 -340282346638528859811704183484516925440.000000 -340282346638528859811704183484516925440.000000 0.000000
340282346638528859811704183484516925440.000000 340282346638528859811704183484516925440.000000 340282346638528859811704183484516925440.000000 0.000000 -340282346638528859811704183484516925440.000000 -340282346638528859811704183484516925440.000000 -340282346638528859811704183484516925440.000000 0.000000
340282346638528859811704183484516925440.000000 340282346638528859811704183484516925440.000000 340282346638528859811704183484516925440.000000 0.000000 -340282346638528859811704183484516925440.000000 -340282346638528859811704183484516925440.000000 -340282346638528859811704183484516925440.000000 0.000000
340282346638528859811704183484516925440.000000 340282346638528859811704183484516925440.000000 340282346638528859811704183484516925440.000000 0.000000 -340282346638528859811704183484516925440.000000 -340282346638528859811704183484516925440.000000 -340282346638528859811704183484516925440.000000 0.000000
340282346638528859811704183484516925440.000000 340282346638528859811704183484516925440.000000 340282346638528859811704183484516925440.000000 0.000000 -340282346638528859811704183484516925440.000000 -340282346638528859811704183484516925440.000000 -340282346638528859811704183484516925440.000000 0.000000
340282346638528859811704183484516925440.000000 340282346638528859811704183484516925440.000000 340282346638528859811704183484516925440.000000 0.000000 -340282346638528859811704183484516925440.000000 -340282346638528859811704183484516925440.000000 -340282346638528859811704183484516925440.000000 0.000000
340282346638528859811704183484516925440.000000 340282346638528859811704183484516925440.000000 340282346638528859811704183484516925440.000000 0.000000 -340282346638528859811704183484516925440.000000 -340282346638528859811704183484516925440.000000 -340282346638528859811704183484516925440.000000 0.000000
340282346638528859811704183484516925440.000000 340282346638528859811704183484516925440.000000 340282346638528859811704183484516925440.000000 0.000000 -340282346638528859811704183484516925440.000000 -340282346638528859811704183484516925440.000000 -340282346638528859811704183484516925440.000000 0.000000
340282346638528859811704183484516925440.000000 340282346638528859811704183484516925440.000000 340282346638528859811704183484516925440.000000 0.000000 -340282346638528859811704183484516925440.000000 -340282346638528859811704183484516925440.000000 -340282346638528859811704183484516925440.000000 0.000000
340282346638528859811704183484516925440.000000 340282346638528859811704183484516925440.000000 340282346638528859811704183484516925440.000000 0.000000 -340282346638528859811704183484516925440.000000 -340282346638528859811704183484516925440.000000 -340282346638528859811704183484516925440.000000 0.000000
340282346638528859811704183484516925440.000000 340282346638528859811704183484516925440.000000 340282346638528859811704183484516925440.000000 0.000000 -340282346638528859811704183484516925440.000000 -340282346638528859811704183484516925440.000000 -340282346638528859811704183484516925440.000000 0.000000
340282346638528859811704183484516925440.000000 340282346638528859811704183484516925440.000000 340282346638528859811704183484516925440.000000 0.000000 -340282346638528859811704183484516925440.000000 -340282346638528859811704183484516925440.000000 -340282346638528859811704183484516925440.000000 0.000000
340282346638528859811704183484516925440.000000 340282346638528859811704183484516925440.000000 340282346638528859811704183484516925440.000000 0.000000 -340282346638528859811704183484516925440.000000 -340282346638528859811704183484516925440.000000 -340282346638528859811704183484516925440.000000 0.000000
340282346638528859811704183484516925440.000000 340282346638528859811704183484516925440.000000 340282346638528859811704183484516925440.000000 0.000000 -340282346638528859811704183484516925440.000000 -340282346638528859811704183484516925440.000000 -340282346638528859811704183484516925440.000000 0.000000
340282346638528859811704183484516925440.000000 340282346638528859811704183484516925440.000000 340282346638528859811704183484516925440.000000 0.000000 -340282346638528859811704183484516925440.000000 -340282346638528859811704183484516925440.000000 -340282346638528859811704183484516925440.000000 0.000000
340282346638528859811704183484516925440.000000 340282346638528859811704183484516925440.000000 340282346638528859811704183484516925440.000000 0.000000 -340282346638528859811704183484516925440.000000 -340282346638528859811704183484516925440.000000 -340282346638528859811704183484516925440.000000 0.000000
340282346638528859811704183484516925440.000000 340282346638528859811704183484516925440.000000 340282346638528859811704183484516925440.000000 0.000000 -340282346638528859811704183484516925440.000000 -340282346638528859811704183484516925440.000000 -340282346638528859811704183484516925440.000000 0.000000
340282346638528859811704183484516925440.000000 340282346638528859811704183484516925440.000000 340282346638528859811704183484516925440.000000 0.000000 -340282346638528859811704183484516925440.000000 -340282346638528859811704183484516925440.000000 -340282346638528859811704183484516925440.000000 0.000000
340282346638528859811704183484516925440.000000 340282346638528859811704183484516925440.000000 340282346638528859811704183484516925440.000000 0.000000 -340282346638528859811704183484516925440.000000 -340282346638528859811704183484516925440.000000 -340282346638528859811704183484516925440.000000 0.000000
340282346638528859811704183484516925440.000000 340282346638528859811704183484516925440.000000 340282346638528859811704183484516925440.000000 0.000000 -340282346638528859811704183484516925440.000000 -340282346638528859811704183484516925440.000000 -340282346638528859811704183484516925440.000000 0.000000
340282346638528859811704183484516925440.000000 340282346638528859811704183484516925440.000000 340282346638528859811704183484516925440.000000 0.000000 -340282346638528859811704183484516925440.000000 -340282346638528859811704183484516925440.000000 -340282346638528859811704183484516925440.000000 0.000000
340282346638528859811704183484516925440.000000 340282346638528859811704183484516925440.000000 340282346638528859811704183484516925440.000000 0.000000 -340282346638528859811704183484516925440.000000 -340282346638528859811704183484516925440.000000 -340282346638528859811704183484516925440.000000 0.000000
340282346638528859811704183484516925440.000000 340282346638528859811704183484516925440.000000 340282346638528859811704183484516925440.000000 0.000000 -340282346638528859811704183484516925440.000000 -340282346638528859811704183484516925440.000000 -340282346638528859811704183484516925440.000000 0.000000
340282346638528859811704183484516925440.000000 340282346638528859811704183484516925440.000000 340282346638528859811704183484516925440.000000 0.000000 -340282346638528859811704183484516925440.000000 -340282346638528859811704183484516925440.000000 -340282346638528859811704183484516925440.000000 0.000000
340282346638528859811704183484516925440.000000 340282346638528859811704183484516925440.000000 340282346638528859811704183484516925440.000000 0.000000 -340282346638528859811704183484516925440.000000 -340282346638528859811704183484516925440.000000 -340282346638528859811704183484516925440.000000 0.000000
340282346638528859811704183484516925440.000000 340282346638528859811704183484516925440.000000 340282346638528859811704183484516925440.000000 0.000000 -340282346638528859811704183484516925440.000000 -340282346638528859811704183484516925440.000000 -340282346638528859811704183484516925440.000000 0.000000
340282346638528859811704183484516925440.000000 340282346638528859811704183484516925440.000000 340282346638528859811704183484516925440.000000 0.000000 -340282346638528859811704183484516925440.000000 -340282346638528859811704183484516925440.000000 -340282346638528859811704183484516925440.000000 0.000000
340282346638528859811704183484516925440.000000 340282346638528859811704183484516925440.000000 340282346638528859811704183484516925440.000000 0.000000 -340282346638528859811704183484516925440.000000 -340282346638528859811704183484516925440.000000 -340282346638528859811704183484516925440.000000 0.000000
340282346638528859811704183484516925440.000000 340282346638528859811704183484516925440.000000 340282346638528859811704183484516925440.000000 0.000000 -340282346638528859811704183484516925440.000000 -340282346638528859811704183484516925440.000000 -340282346638528859811704183484516925440.000000 0.000000
340282346638528859811704183484516925440.000000 340282346638528859811704183484516925440.000000 340282346638528859811704183484516925440.000000 0.000000 -340282346638528859811704183484516925440.000000 -340282346638528859811704183484516925440.000000 -340282346638528859811704183484516925440.000000 0.000000
340282346638528859811704183484516925440.000000 340282346638528859811704183484516925440.000000 340282346638528859811704183484516925440.000000 0.000000 -340282346638528859811704183484516925440.000000 -340282346638528859811704183484516925440.000000 -340282346638528859811704183484516925440.000000 0.000000
340282346638528859811704183484516925440.000000 340282346638528859811704183484516925440.000000 340282346638528859811704183484516925440.000000 0.000000 -340282346638528859811704183484516925440.000000 -340282346638528859811704183484516925440.000000 -340282346638528859811704183484516925440.000000 0.000000
340282346638528859811704183484516925440.000000 340282346638528859811704183484516925440.000000 340282346638528859811704183484516925440.000000 0.000000 -340282346638528859811704183484516925440.000000 -340282346638528859811704183484516925440.000000 -340282346638528859811704183484516925440.000000 0.000000
340282346638528859811704183484516925440.000000 340282346638528859811704183484516925440.000000 340282346638528859811704183484516925440.000000 0.000000 -340282346638528859811704183484516925440.000000 -340282346638528859811704183484516925440.000000 -340282346638528859811704183484516925440.000000 0.000000
340282346638528859811704183484516925440.000000 340282346638528859811704183484516925440.000000 340282346638528859811704183484516925440.000000 0.000000 -340282346638528859811704183484516925440.000000 -340282346638528859811704183484516925440.000000 -340282346638528859811704183484516925440.000000 0.000000
340282346638528859811704183484516925440.000000 340282346638528859811704183484516925440.000000 340282346638528859811704183484516925440.000000 0.000000 -340282346638528859811704183484516925440.000000 -340282346638528859811704183484516925440.000000 -340282346638528859811704183484516925440.000000 0.000000
340282346638528859811704183484516925440.000000 340282346638528859811704183484516925440.000000 340282346638528859811704183484516925440.000000 0.000000 -340282346638528859811704183484516925440.000000 -340282346638528859811704183484516925440.000000 -340282346638528859811704183484516925440.000000 0.000000
340282346638528859811704183484516925440.000000 340282346638528859811704183484516925440.000000 340282346638528859811704183484516925440.000000 0.000000 -340282346638528859811704183484516925440.000000 -340282346638528859811704183484516925440.000000 -340282346638528859811704183484516925440.000000 0.000000
340282346638528859811704183484516925440.000000 340282346638528859811704183484516925440.000000 340282346638528859811704183484516925440.000000 0.000000 -340282346638528859811704183484516925440.000000 -340282346638528859811704183484516925440.000000 -340282346638528859811704183484516925440.000000 0.000000
340282346638528859811704183484516925440.000000 340282346638528859811704183484516925440.000000 340282346638528859811704183484516925440.000000 0.000000 -340282346638528859811704183484516925440.000000 -340282346638528859811704183484516925440.000000 -340282346638528859811704183484516925440.000000 0.000000
340282346638528859811704183484516925440.000000 340282346638528859811704183484516925440.000000 340282346638528859811704183484516925440.000000 0.000000 -340282346638528859811704183484516925440.000000 -340282346638528859811704183484516925440.000000 -340282346638528859811704183484516925440.000000 0.000000
340282346638528859811704183484516925440.000000 340282346638528859811704183484516925440.000000 340282346638528859811704183484516925440.000000 0.000000 -340282346638528859811704183484516925440.000000 -340282346638528859811704183484516925440.000000 -340282346638528859811704183484516925440.000000 0.000000
340282346638528859811704183484516925440.000000 340282346638528859811704183484516925440.000000 340282346638528859811704183484516925440.000000 0.000000 -340282346638528859811704183484516925440.000000 -340282346638528859811704183484516925440.000000 -340282346638528859811704183484516925440.000000 0.000000
340282346638528859811704183484516925440.000000 340282346638528859811704183484516925440.000000 340282346638528859811704183484516925440.000000 0.000000 -340282346638528859811704183484516925440.000000 -340282346638528859811704183484516925440.000000 -340282346638528859811704183484516925440.000000 0.000000
340282346638528859811704183484516925440.000000 340282346638528859811704183484516925440.000000 340282346638528859811704183484516925440.000000 0.000000 -340282346638528859811704183484516925440.000000 -340282346638528859811704183484516925440.000000 -340282346638528859811704183484516925440.000000 0.000000
340282346638528859811704183484516925440.000000 340282346638528859811704183484516925440.000000 340282346638528859811704183484516925440.000000 0.000000 -340282346638528859811704183484516925440.000000 -340282346638528859811704183484516925440.000000 -340282346638528859811704183484516925440.000000 0.000000
340282346638528859811704183484516925440.000000 340282346638528859811704183484516925440.000000 340282346638528859811704183484516925440.000000 0.000000 -340282346638528859811704183484516925440.000000 -340282346638528859811704183484516925440.000000 -340282346638528859811704183484516925440.000000 0.000000
340282346638528859811704183484516925440.000000 340282346638528859811704183484516925440.000000 340282346638528859811704183484516925440.000000 0.000000 -340282346638528859811704183484516925440.000000 -340282346638528859811704183484516925440.000000 -340282346638528859811704183484516925440.000000 0.000000
340282346638528859811704183484516925440.000000 340282346638528859811704183484516925440.000000 340282346638528859811704183484516925440.000000 0.000000 -340282346638528859811704183484516925440.000000 -340282346638528859811704183484516925440.000000 -340282346638528859811704183484516925440.000000 0.000000
340282346638528859811704183484516925440.000000 340282346638528859811704183484516925440.000000 340282346638528859811704183484516925440.000000 0.000000 -340282346638528859811704183484516925440.000000 -340282346638528859811704183484516925440.000000 -340282346638528859811704183484516925440.000000 0.000000
340282346638528859811704183484516925440.000000 340282346638528859811704183484516925440.000000 340282346638528859811704183484516925440.000000 0.000000 -340282346638528859811704183484516925440.000000 -340282346638528859811704183484516925440.000000 -340282346638528859811704183484516925440.000000 0.000000
340282346638528859811704183484516925440.000000 340282346638528859811704183484516925440.000000 340282346638528859811704183484516925440.000000 0.000000 -340282346638528859811704183484516925440.000000 -340282346638528859811704183484516925440.000000 -340282346638528859811704183484516925440.000000 0.000000
340282346638528859811704183484516925440.000000 340282346638528859811704183484516925440.000000 340282346638528859811704183484516925440.000000 0.000000 -340282346638528859811704183484516925440.000000 -340282346638528859811704183484516925440.000000 -340282346638528859811704183484516925440.000000 0.000000
340282346638528859811704183484516925440.000000 340282346638528859811704183484516925440.000000 340282346638528859811704183484516925440.000000 0.000000 -340282346638528859811704183484516925440.000000 -340282346638528859811704183484516925440.000000 -340282346638528859811704183484516925440.000000 0.000000
340282346638528859811704183484516925440.000000 340282346638528859811704183484516925440.000000 340282346638528859811704183484516925440.000000 0.000000 -340282346638528859811704183484516925440.000000 -340282346638528859811704183484516925440.000000 -340282346638528859811704183484516925440.000000 0.000000
340282346638528859811704183484516925440.000000 340282346638528859811704183484516925440.000000 340282346638528859811704183484516925440.000000 0.000000 -340282346638528859811704183484516925440.000000 -340282346638528859811704183484516925440.000000 -340282346638528859811704183484516925440.000000 0.000000
340282346638528859811704183484516925440.000000 340282346638528859811704183484516925440.000000 340282346638528859811704183484516925440.000000 0.000000 -340282346638528859811704183484516925440.000000 -340282346638528859811704183484516925440.000000 -340282346638528859811704183484516925440.000000 0.000000
340282346638528859811704183484516925440.000000 340282346638528859811704183484516925440.000000 340282346638528859811704183484516925440.000000 0.000000 -340282346638528859811704183484516925440.000000 -340282346638528859811704183484516925440.000000 -340282346638528859811704183484516925440.000000 0.000000
340282346638528859811704183484516925440.000000 340282346638528859811704183484516925440.000000 340282346638528859811704183484516925440.000000 0.000000 -340282346638528859811704183484516925440.000000 -340282346638528859811704183484516925440.000000 -340282346638528859811704183484516925440.000000 0.000000
340282346638528859811704183484516925440.000000 340282346638528859811704183484516925440.000000 340282346638528859811704183484516925440.000000 0.000000 -340282346638528859811704183484516925440.000000 -340282346638528859811704183484516925440.000000 -340282346638528859811704183484516925440.000000 0.000000
340282346638528859811704183484516925440.000000 340282346638528859811704183484516925440.000000 340282346638528859811704183484516925440.000000 0.000000 -340282346638528859811704183484516925440.000000 -340282346638528859811704183484516925440.000000 -340282346638528859811704183484516925440.000000 0.000000
340282346638528859811704183484516925440.000000 340282346638528859811704183484516925440.000000 340282346638528859811704183484516925440.000000 0.000000 -340282346638528859811704183484516925440.000000 -340282346638528859811704183484516925440.000000 -340282346638528859811704183484516925440.000000 0.000000
340282346638528859811704183484516925440.000000 340282346638528859811704183484516925440.000000 340282346638528859811704183484516925440.000000 0.000000 -340282346638528859811704183484516925440.000000 -340282346638528859811704183484516925440.000000 -340282346638528859811704183484516925440.000000 0.000000
340282346638528859811704183484516925440.000000 340282346638528859811704183484516925440.000000 340282346638528859811704183484516925440.000000 0.000000 -340282346638528859811704183484516925440.000000 -340282346638528859811704183484516925440.000000 -340282346638528859811704183484516925440.000000 0.000000
340282346638528859811704183484516925440.000000 340282346638528859811704183484516925440.000000 340282346638528859811704183484516925440.000000 0.000000 -340282346638528859811704183484516925440.000000 -340282346638528859811704183484516925440.000000 -340282346638528859811704183484516925440.000000 0.000000
340282346638528859811704183484516925440.000000 340282346638528859811704183484516925440.000000 340282346638528859811704183484516925440.000000 0.000000 -340282346638528859811704183484516925440.000000 -340282346638528859811704183484516925440.000000 -340282346638528859811704183484516925440.000000 0.000000
340282346638528859811704183484516925440.000000 340282346638528859811704183484516925440.000000 340282346638528859811704183484516925440.000000 0.000000 -340282346638528859811704183484516925440.000000 -340282346638528859811704183484516925440.000000 -340282346638528859811704183484516925440.000000 0.000000
340282346638528859811704183484516925440.000000 340282346638528859811704183484516925440.000000 340282346638528859811704183484516925440.000000 0.000000 -340282346638528859811704183484516925440.000000 -340282346638528859811704183484516925440.000000 -340282346638528859811704183484516925440.000000 0.000000
340282346638528859811704183484516925440.000000 340282346638528859811704183484516925440.000000 340282346638528859811704183484516925440.000000 0.000000 -340282346638528859811704183484516925440.000000 -340282346638528859811704183484516925440.000000 -340282346638528859811704183484516925440.000000 0.000000
340282346638528859811704183484516925440.000000 340282346638528859811704183484516925440.000000 340282346638528859811704183484516925440.000000 0.000000 -340282346638528859811704183484516925440.000000 -340282346638528859811704183484516925440.000000 -340282346638528859811704183484516925440.000000 0.000000
340282346638528859811704183484516925440.000000 340282346638528859811704183484516925440.000000 340282346638528859811704183484516925440.000000 0.000000 -340282346638528859811704183484516925440.000000 -340282346638528859811704183484516925440.000000 -340282346638528859811704183484516925440.000000 0.000000
340282346638528859811704183484516925440.000000 340282346638528859811704183484516925440.000000 340282346638528859811704183484516925440.000000 0.000000 -340282346638528859811704183484516925440.000000 -340282346638528859811704183484516925440.000000 -340282346638528859811704183484516925440.000000 0.000000
340282346638528859811704183484516925440.000000 340282346638528859811704183484516925440.000000 340282346638528859811704183484516925440.000000 0.000000 -340282346638528859811704183484516925440.000000 -340282346638528859811704183484516925440.000000 -340282346638528859811704183484516925440.000000 0.000000
340282346638528859811704183484516925440.000000 340282346638528859811704183484516925440.000000 340282346638528859811704183484516925440.000000 0.000000 -340282346638528859811704183484516925440.000000 -340282346638528859811704183484516925440.000000 -340282346638528859811704183484516925440.000000 0.000000
340282346638528859811704183484516925440.000000 340282346638528859811704183484516925440.000000 340282346638528859811704183484516925440.000000 0.000000 -340282346638528859811704183484516925440.000000 -340282346638528859811704183484516925440.000000 -340282346638528859811704183484516925440.000000 0.000000
340282346638528859811704183484516925440.000000 340282346638528859811704183484516925440.000000 340282346638528859811704183484516925440.000000 0.000000 -340282346638528859811704183484516925440.000000 -340282346638528859811704183484516925440.000000 -340282346638528859811704183484516925440.000000 0.000000
340282346638528859811704183484516925440.000000 340282346638528859811704183484516925440.000000 340282346638528859811704183484516925440.000000 0.000000 -340282346638528859811704183484516925440.000000 -340282346638528859811704183484516925440.000000 -340282346638528859811704183484516925440.000000 0.000000
340282346638528859811704183484516925440.000000 340282346638528859811704183484516925440.000000 340282346638528859811704183484516925440.000000 0.000000 -340282346638528859811704183484516925440.000000 -340282346638528859811704183484516925440.000000 -340282346638528859811704183484516925440.000000 0.000000
340282346638528859811704183484516925440.000000 340282346638528859811704183484516925440.000000 340282346638528859811704183484516925440.000000 0.000000 -340282346638528859811704183484516925440.000000 -340282346638528859811704183484516925440.000000 -340282346638528859811704183484516925440.000000 0.000000
340282346638528859811704183484516925440.000000 340282346638528859811704183484516925440.000000 340282346638528859811704183484516925440.000000 0.000000 -340282346638528859811704183484516925440.000000 -340282346638528859811704183484516925440.000000 -340282346638528859811704183484516925440.000000 0.000000
340282346638528859811704183484516925440.000000 340282346638528859811704183484516925440.000000 340282346638528859811704183484516925440.000000 0.000000 -340282346638528859811704183484516925440.000000 -340282346638528859811704183484516925440.000000 -340282346638528859811704183484516925440.000000 0.000000
340282346638528859811704183484516925440.000000 340282346638528859811704183484516925440.000000 340282346638528859811704183484516925440.000000 0.000000 -340282346638528859811704183484516925440.000000 -340282346638528859811704183484516925440.000000 -340282346638528859811704183484516925440.000000 0.000000
340282346638528859811704183484516925440.000000 340282346638528859811704183484516925440.000000 340282346638528859811704183484516925440.000000 0.000000 -340282346638528859811704183484516925440.000000 -340282346638528859811704183484516925440.000000 -340282346638528859811704183484516925440.000000 0.000000
340282346638528859811704183484516925440.000000 340282346638528859811704183484516925440.000000 340282346638528859811704183484516925440.000000 0.000000 -340282346638528859811704183484516925440.000000 -340282346638528859811704183484516925440.000000 -340282346638528859811704183484516925440.000000 0.000000
340282346638528859811704183484516925440.000000 340282346638528859811704183484516925440.000000 340282346638528859811704183484516925440.000000 0.000000 -340282346638528859811704183484516925440.000000 -340282346638528859811704183484516925440.000000 -340282346638528859811704183484516925440.000000 0.000000
340282346638528859811704183484516925440.000000 340282346638528859811704183484516925440.000000 340282346638528859811704183484516925440.000000 0.000000 -340282346638528859811704183484516925440.000000 -340282346638528859811704183484516925440.000000 -340282346638528859811704183484516925440.000000 0.000000
340282346638528859811704183484516925440.000000 340282346638528859811704183484516925440.000000 340282346638528859811704183484516925440.000000 0.000000 -340282346638528859811704183484516925440.000000 -340282346638528859811704183484516925440.000000 -340282346638528859811704183484516925440.000000 0.000000
340282346638528859811704183484516925440.000000 340282346638528859811704183484516925440.000000 340282346638528859811704183484516925440.000000 0.000000 -340282346638528859811704183484516925440.000000 -340282346638528859811704183484516925440.000000 -340282346638528859811704183484516925440.000000 0.000000
340282346638528859811704183484516925440.000000 340282346638528859811704183484516925440.000000 340282346638528859811704183484516925440.000000 0.000000 -340282346638528859811704183484516925440.000000 -340282346638528859811704183484516925440.000000 -340282346638528859811704183484516925440.000000 0.000000
340282346638528859811704183484516925440.000000 340282346638528859811704183484516925440.000000 340282346638528859811704183484516925440.000000 0.000000 -340282346638528859811704183484516925440.000000 -340282346638528859811704183484516925440.000000 -340282346638528859811704183484516925440.000000 0.000000
340282346638528859811704183484516925440.000000 340282346638528859811704183484516925440.000000 340282346638528859811704183484516925440.000000 0.000000 -340282346638528859811704183484516925440.000000 -340282346638528859811704183484516925440.000000 -340282346638528859811704183484516925440.000000 0.000000
340282346638528859811704183484516925440.000000 340282346638528859811704183484516925440.000000 340282346638528859811704183484516925440.000000 0.000000 -340282346638528859811704183484516925440.000000 -340282346638528859811704183484516925440.000000 -340282346638528859811704183484516925440.000000 0.000000
340282346638528859811704183484516925440.000000 340282346638528859811704183484516925440.000000 340282346638528859811704183484516925440.000000 0.000000 -340282346638528859811704183484516925440.000000 -340282346638528859811704183484516925440.000000 -340282346638528859811704183484516925440.000000 0.000000
340282346638528859811704183484516925440.000000 340282346638528859811704183484516925440.000000 340282346638528859811704183484516925440.000000 0.000000 -340282346638528859811704183484516925440.000000 -340282346638528859811704183484516925440.000000 -340282346638528859811704183484516925440.000000 0.000000
340282346638528859811704183484516925440.000000 340282346638528859811704183484516925440.000000 340282346638528859811704183484516925440.000000 0.000000 -340282346638528859811704183484516925440.000000 -340282346638528859811704183484516925440.000000 -340282346638528859811704183484516925440.000000 0.000000
340282346638528859811704183484516925440.000000 340282346638528859811704183484516925440.000000 340282346638528859811704183484516925440.000000 0.000000 -340282346638528859811704183484516925440.000000 -340282346638528859811704183484516925440.000000 -340282346638528859811704183484516925440.000000 0.000000
340282346638528859811704183484516925440.000000 340282346638528859811704183484516925440.000000 340282346638528859811704183484516925440.000000 0.000000 -340282346638528859811704183484516925440.000000 -340282346638528859811704183484516925440.000000 -340282346638528859811704183484516925440.000000 0.000000
340282346638528859811704183484516925440.000000 340282346638528859811704183484516925440.000000 340282346638528859811704183484516925440.000000 0.000000 -340282346638528859811704183484516925440.000000 -340282346638528859811704183484516925440.000000 -340282346638528859811704183484516925440.000000 0.000000
340282346638528859811704183484516925440.000000 340282346638528859811704183484516925440.000000 340282346638528859811704183484516925440.000000 0.000000 -340282346638528859811704183484516925440.000000 -340282346638528859811704183484516925440.000000 -340282346638528859811704183484516925440.000000 0.000000
340282346638528859811704183484516925440.000000 340282346638528859811704183484516925440.000000 340282346638528859811704183484516925440.000000 0.000000 -340282346638528859811704183484516925440.000000 -340282346638528859811704183484516925440.000000 -340282346638528859811704183484516925440.000000 0.000000
340282346638528859811704183484516925440.000000 340282346638528859811704183484516925440.000000 340282346638528859811704183484516925440.000000 0.000000 -340282346638528859811704183484516925440.000000 -340282346638528859811704183484516925440.000000 -340282346638528859811704183484516925440.000000 0.000000
340282346638528859811704183484516925440.000000 340282346638528859811704183484516925440.000000 340282346638528859811704183484516925440.000000 0.000000 -340282346638528859811704183484516925440.000000 -340282346638528859811704183484516925440.000000 -340282346638528859811704183484516925440.000000 0.000000
340282346638528859811704183484516925440.000000 340282346638528859811704183484516925440.000000 340282346638528859811704183484516925440.000000 0.000000 -340282346638528859811704183484516925440.000000 -340282346638528859811704183484516925440.000000 -340282346638528859811704183484516925440.000000 0.000000
340282346638528859811704183484516925440.000000 340282346638528859811704183484516925440.000000 340282346638528859811704183484516925440.000000 0.000000 -340282346638528859811704183484516925440.000000 -340282346638528859811704183484516925440.000000 -340282346638528859811704183484516925440.000000 0.000000
340282346638528859811704183484516925440.000000 340282346638528859811704183484516925440.000000 340282346638528859811704183484516925440.000000 0.000000 -340282346638528859811704183484516925440.000000 -340282346638528859811704183484516925440.000000 -340282346638528859811704183484516925440.000000 0.000000
340282346638528859811704183484516925440.000000 340282346638528859811704183484516925440.000000 340282346638528859811704183484516925440.000000 0.000000 -340282346638528859811704183484516925440.000000 -340282346638528859811704183484516925440.000000 -340282346638528859811704183484516925440.000000 0.000000
340282346638528859811704183484516925440.000000 340282346638528859811704183484516925440.000000 340282346638528859811704183484516925440.000000 0.000000 -340282346638528859811704183484516925440.000000 -340282346638528859811704183484516925440.000000 -340282346638528859811704183484516925440.000000 0.000000
340282346638528859811704183484516925440.000000 340282346638528859811704183484516925440.000000 340282346638528859811704183484516925440.000000 0.000000 -340282346638528859811704183484516925440.000000 -340282346638528859811704183484516925440.000000 -340282346638528859811704183484516925440.000000 0.000000
340282346638528859811704183484516925440.000000 340282346638528859811704183484516925440.000000 340282346638528859811704183484516925440.000000 0.000000 -340282346638528859811704183484516925440.000000 -340282346638528859811704183484516925440.000000 -340282346638528859811704183484516925440.000000 0.000000
340282346638528859811704183484516925440.000000 340282346638528859811704183484516925440.000000 340282346638528859811704183484516925440.000000 0.000000 -340282346638528859811704183484516925440.000000 -340282346638528859811704183484516925440.000000 -340282346638528859811704183484516925440.000000 0.000000
340282346638528859811704183484516925440.000000 340282346638528859811704183484516925440.000000 340282346638528859811704183484516925440.000000 0.000000 -340282346638528859811704183484516925440.000000 -340282346638528859811704183484516925440.000000 -340282346638528859811704183484516925440.000000 0.000000
340282346638528859811704183484516925440.000000 340282346638528859811704183484516925440.000000 340282346638528859811704183484516925440.000000 0.000000 -340282346638528859811704183484516925440.000000 -340282346638528859811704183484516925440.000000 -340282346638528859811704183484516925440.000000 0.000000
340282346638528859811704183484516925440.000000 340282346638528859811704183484516925440.000000 340282346638528859811704183484516925440.000000 0.000000 -340282346638528859811704183484516925440.000000 -340282346638528859811704183484516925440.000000 -340282346638528859811704183484516925440.000000 0.000000
340282346638528859811704183484516925440.000000 340282346638528859811704183484516925440.000000 340282346638528859811704183484516925440.000000 0.000000 -340282346638528859811704183484516925440.000000 -340282346638528859811704183484516925440.000000 -340282346638528859811704183484516925440.000000 0.000000
340282346638528859811704183484516925440.000000 340282346638528859811704183484516925440.000000 340282346638528859811704183484516925440.000000 0.000000 -340282346638528859811704183484516925440.000000 -340282346638528859811704183484516925440.000000 -340282346638528859811704183484516925440.000000 0.000000
340282346638528859811704183484516925440.000000 340282346638528859811704183484516925440.000000 340282346638528859811704183484516925440.000000 0.000000 -340282346638528859811704183484516925440.000000 -340282346638528859811704183484516925440.000000 -340282346638528859811704183484516925440.000000 0.000000
340282346638528859811704183484516925440.000000 340282346638528859811704183484516925440.000000 340282346638528859811704183484516925440.000000 0.000000 -340282346638528859811704183484516925440.000000 -340282346638528859811704183484516925440.000000 -340282346638528859811704183484516925440.000000 0.000000
340282346638528859811704183484516925440.000000 340282346638528859811704183484516925440.000000 340282346638528859811704183484516925440.000000 0.000000 -340282346638528859811704183484516925440.000000 -340282346638528859811704183484516925440.000000 -340282346638528859811704183484516925440.000000 0.000000
340282346638528859811704183484516925440.000000 340282346638528859811704183484516925440.000000 340282346638528859811704183484516925440.000000 0.000000 -340282346638528859811704183484516925440.000000 -340282346638528859811704183484516925440.000000 -340282346638528859811704183484516925440.000000 0.000000
340282346638528859811704183484516925440.000000 340282346638528859811704183484516925440.000000 340282346638528859811704183484516925440.000000 0.000000 -340282346638528859811704183484516925440.000000 -340282346638528859811704183484516925440.000000 -340282346638528859811704183484516925440.000000 0.000000
340282346638528859811704183484516925440.000000 340282346638528859811704183484516925440.000000 340282346638528859811704183484516925440.000000 0.000000 -340282346638528859811704183484516925440.000000 -340282346638528859811704183484516925440.000000 -340282346638528859811704183484516925440.000000 0.000000
340282346638528859811704183484516925440.000000 340282346638528859811704183484516925440.000000 340282346638528859811704183484516925440.000000 0.000000 -340282346638528859811704183484516925440.000000 -340282346638528859811704183484516925440.000000 -340282346638528859811704183484516925440.000000 0.000000
340282346638528859811704183484516925440.000000 340282346638528859811704183484516925440.000000 340282346638528859811704183484516925440.000000 0.000000 -340282346638528859811704183484516925440.000000 -340282346638528859811704183484516925440.000000 -340282346638528859811704183484516925440.000000 0.000000
340282346638528859811704183484516925440.000000 340282346638528859811704183484516925440.000000 340282346638528859811704183484516925440.000000 0.000000 -340282346638528859811704183484516925440.000000 -340282346638528859811704183484516925440.000000 -340282346638528859811704183484516925440.000000 0.000000
340282346638528859811704183484516925440.000000 340282346638528859811704183484516925440.000000 340282346638528859811704183484516925440.000000 0.000000 -340282346638528859811704183484516925440.000000 -340282346638528859811704183484516925440.000000 -340282346638528859811704183484516925440.000000 0.000000
340282346638528859811704183484516925440.000000 340282346638528859811704183484516925440.000000 340282346638528859811704183484516925440.000000 0.000000 -340282346638528859811704183484516925440.000000 -340282346638528859811704183484516925440.000000 -340282346638528859811704183484516925440.000000 0.000000
340282346638528859811704183484516925440.000000 340282346638528859811704183484516925440.000000 340282346638528859811704183484516925440.000000 0.000000 -340282346638528859811704183484516925440.000000 -340282346638528859811704183484516925440.000000 -340282346638528859811704183484516925440.000000 0.000000
340282346638528859811704183484516925440.000000 340282346638528859811704183484516925440.000000 340282346638528859811704183484516925440.000000 0.000000 -340282346638528859811704183484516925440.000000 -340282346638528859811704183484516925440.000000 -340282346638528859811704183484516925440.000000 0.000000
340282346638528859811704183484516925440.000000 340282346638528859811704183484516925440.000000 340282346638528859811704183484516925440.000000 0.000000 -340282346638528859811704183484516925440.000000 -340282346638528859811704183484516925440.000000 -340282346638528859811704183484516925440.000000 0.000000
340282346638528859811704183484516925440.000000 340282346638528859811704183484516925440.000000 340282346638528859811704183484516925440.000000 0.000000 -340282346638528859811704183484516925440.000000 -340282346638528859811704183484516925440.000000 -340282346638528859811704183484516925440.000000 0.000000
340282346638528859811704183484516925440.000000 340282346638528859811704183484516925440.000000 340282346638528859811704183484516925440.000000 0.000000 -340282346638528859811704183484516925440.000000 -340282346638528859811704183484516925440.000000 -340282346638528859811704183484516925440.000000 0.000000
340282346638528859811704183484516925440.000000 340282346638528859811704183484516925440.000000 340282346638528859811704183484516925440.000000 0.000000 -340282346638528859811704183484516925440.000000 -340282346638528859811704183484516925440.000000 -340282346638528859811704183484516925440.000000 0.000000
340282346638528859811704183484516925440.000000 340282346638528859811704183484516925440.000000 340282346638528859811704183484516925440.000000 0.000000 -340282346638528859811704183484516925440.000000 -340282346638528859811704183484516925440.000000 -340282346638528859811704183484516925440.000000 0.000000
340282346638528859811704183484516925440.000000 340282346638528859811704183484516925440.000000 340282346638528859811704183484516925440.000000 0.000000 -340282346638528859811704183484516925440.000000 -340282346638528859811704183484516925440.000000 -340282346638528859811704183484516925440.000000 0.000000
340282346638528859811704183484516925440.000000 340282346638528859811704183484516925440.000000 340282346638528859811704183484516925440.000000 0.000000 -340282346638528859811704183484516925440.000000 -340282346638528859811704183484516925440.000000 -340282346638528859811704183484516925440.000000 0.000000
340282346638528859811704183484516925440.000000 340282346638528859811704183484516925440.000000 340282346638528859811704183484516925440.000000 0.000000 -340282346638528859811704183484516925440.000000 -340282346638528859811704183484516925440.000000 -340282346638528859811704183484516925440.000000 0.000000
340282346638528859811704183484516925440.000000 340282346638528859811704183484516925440.000000 340282346638528859811704183484516925440.000000 0.000000 -340282346638528859811704183484516925440.000000 -340282346638528859811704183484516925440.000000 -340282346638528859811704183484516925440.000000 0.000000
340282346638528859811704183484516925440.000000 340282346638528859811704183484516925440.000000 340282346638528859811704183484516925440.000000 0.000000 -340282346638528859811704183484516925440.000000 -340282346638528859811704183484516925440.000000 -340282346638528859811704183484516925440.000000 0.000000
340282346638528859811704183484516925440.000000 340282346638528859811704183484516925440.000000 340282346638528859811704183484516925440.000000 0.000000 -340282346638528859811704183484516925440.000000 -340282346638528859811704183484516925440.000000 -340282346638528859811704183484516925440.000000 0.000000
340282346638528859811704183484516925440.000000 340282346638528859811704183484516925440.000000 340282346638528859811704183484516925440.000000 0.000000 -340282346638528859811704183484516925440.000000 -340282346638528859811704183484516925440.000000 -340282346638528859811704183484516925440.000000 0.000000
340282346638528859811704183484516925440.000000 340282346638528859811704183484516925440.000000 340282346638528859811704183484516925440.000000 0.000000 -340282346638528859811704183484516925440.000000 -340282346638528859811704183484516925440.000000 -340282346638528859811704183484516925440.000000 0.000000
340282346638528859811704183484516925440.000000 340282346638528859811704183484516925440.000000 340282346638528859811704183484516925440.000000 0.000000 -340282346638528859811704183484516925440.000000 -340282346638528859811704183484516925440.000000 -340282346638528859811704183484516925440.000000 0.000000
cpu result :
-2.378850 -0.216487 3.475800 14.202158 3.363230 5.095459 5.000000 14.202158 
