******视点1*********
-2.704484 3.777081 -1.256197
-0.495673 -0.607374 0.000000
******视点2*********
0.176383 3.777081 -0.578413
0.052361 -0.530579 0.000000
******视点3*********
3.822832 3.777081 -2.241718
0.973895 -0.523598 0.000000
******视点4*********
2.821162 3.777081 -9.911035
2.593561 -0.544541 0.000000


********标准光源尺寸************
0.500000 0.500000

********1 光源尺寸************
0.200000 0.200000
********2 光源尺寸************
0.500000 0.500000
********3 光源尺寸************
0.800000 0.800000
********4 光源尺寸************
1.000000 1.000000



*******光源0  绿色 标准光源**********
0.000000 0.300000 0.010000
0.000000 0.400000 0.020000
0.000000 0.300000 0.030000




*******光源1  白色光源**********
0.300000 0.3300000 0.310000
0.400000 0.4400000 0.420000
0.300000 0.3300000 0.330000

*******光源2  赤 光源**********
0.300000 0.000000 0.00000
0.400000 0.000000 0.00000
0.300000 0.000000 0.00000


*******光源3  橙 光源**********
0.300000 0.1941 0.00000
0.400000 0.2588 0.00000
0.300000 0.1941 0.00000

*******光源4  黄 光源**********
0.300000 0.300000 0.00000
0.400000 0.400000 0.00000
0.300000 0.300000 0.00000


*******光源4  青色 光源**********
0.00000 0.15000 0.30000
0.00000 0.2000 0.40000
0.00000 0.15000 0.30000


*******光源4  蓝色 光源**********
0.00000 0.00000 0.30000
0.00000 0.00000 0.40000
0.00000 0.00000 0.30000


*******光源4  紫色 光源**********
0.1635 0.00000 0.30000
0.21803 0.00000 0.40000
0.1635 0.00000 0.30000







